Year    Return    Inflation    SWR
1928     37.88     -1.20      2.73
1929    -11.91      0.00      1.97
1930    -28.48     -2.70      2.25
1931    -47.07     -8.90      3.09
1932    -15.15    -10.30      5.40
1933     46.59     -5.20      5.96
1934     -5.94      3.50      4.04
1935     41.37      2.60      4.57
1936     27.92      1.00      3.43
1937    -38.59      3.70      2.77
1938     25.21     -2.00      4.75
1939     -5.45     -1.30      3.85
1940    -15.29      0.70      4.13
1941    -17.86      5.10      5.04
1942     12.43     10.90      6.68
1943     19.45      6.00      6.95
1944     13.80      1.60      6.52
1945     30.72      2.30      6.10
1946    -11.87      8.50      4.91
1947      0.00     14.40      6.17
1948     -0.65      7.70      7.32
1949     10.26     -1.00      8.28
1950     21.78      1.10      7.80
1951     16.46      7.90      6.76
1952     11.78      2.30      6.47
1953     -6.62      0.80      6.05
1954     45.02      0.30      6.66
1955     26.40     -0.30      4.74
1956      2.62      1.50      3.77
1957    -14.31      3.30      3.75
1958     38.06      2.70      4.56
1959      8.48      1.08      3.44
1960     -2.97      1.50      3.23
1961     23.13      1.10      3.41
1962    -11.81      1.20      2.82
1963     18.89      1.20      3.26
1964     12.97      1.30      2.80
1965      9.06      1.60      2.53
1966    -13.09      3.00      2.36
1967     20.09      2.80      2.82
1968      7.66      4.30      2.45
1969    -11.36      5.50      2.40
1970      0.10      5.80      2.90
1971     10.79      4.30      3.13
1972     15.63      3.30      3.01
1973    -17.37      6.20      2.74
1974    -29.72     11.10      3.56
1975     31.55      9.10      5.77
1976     19.15      5.70      5.01
1977    -11.50      6.50      4.61
1978      1.06      7.60      5.75
1979     12.31     11.30      6.40
1980     25.77     13.50      6.62
1981     -9.73     10.30      6.27
1982     14.76      6.10      8.02
1983     17.27      3.20      7.90
1984      1.40      4.30      7.40
1985     26.33      3.50      8.08
1986     14.62      1.90      7.09
1987      2.03      3.70      6.67
1988     12.40      4.10      7.14
1989     27.25      4.80      7.01
1990     -6.56      5.40      6.10
1991     26.31      4.20      7.23
1992      4.46      3.00      6.34
1993      7.06      3.00
1994     -1.54      2.60
1995     34.11      2.80
1996     20.26      2.90
1997     31.01      2.30
1998     26.67      1.60
1999     19.53      2.20
2000    -10.14      3.40
2001    -13.04      2.80
2002    -23.37      1.60
2003     26.38      2.30
2004      8.99      2.70
2005      3.00      3.40
2006     13.62      3.20
2007      3.53      2.90
2008    -38.49      3.80
2009     23.45     -0.40
2010     12.78      1.60
2011      0.00      3.20
2012     13.41      2.10
2013     29.60      1.50
2014     11.39      1.60
2015     -0.73      0.10
2016      9.54      1.30
2017     19.42      2.10
2018     -6.24      2.40
2019     28.88      1.80
2020     16.26      1.20
2021     25.04      4.80
